data
[0.5416449688437752, 0.7887373256779853, 0.6143450906023298, 0.4432447214493608, 0.8955019981952487, 0.8526524385807375, 0.4839436632024216]

company name
[0.8338738400734146, 0.4050325129479116, 0.513246523136109, 0.9999998995036422, 0.4361479313223475, 0.5271349675469781, 0.46592223687901674]

email address
[1.000000065929795, 0.49890970300832527, 0.6474846191459273, 0.5187011126516671, 0.5543339853732662, 0.7297414430405659, 0.6562634720595322]

sometimes your phone number
[0.8888291271437448, 0.5999407947783256, 0.6109140074331417, 0.6161872057562882, 0.6611273836872049, 0.692932903972691, 0.610396447425902]

postal address
[1.0000000625084093, 0.4516418755137849, 0.6169736142860199, 0.5649641238167232, 0.4644959928275025, 0.7005089232841964, 0.5509386592141094]

business sector
[0.5524114763514449, 0.5079490310428482, 0.65724888083358, 0.9999999464853744, 0.5524114763514449, 0.5569528201306312, 0.4752138691033683]

store credit card information
[0.6320957057151452, 0.5041107958868649, 0.8865147727558743, 0.6318874251574694, 0.5470556529531694, 0.6257986931836401, 0.5900002030308625]

our customers
[0.515637145886366, 0.43329414965997126, 0.8957270251432397, 0.640397967162398, 0.4470002067971844, 0.5799481716921296, 0.43366101609496954]

credit card processing
[0.5037178749625996, 0.49283883411744955, 0.9206662627058613, 0.5877128610182489, 0.5387500251775102, 0.534438102651196, 0.5013995958909044]

name
[1.0000000144377348, 0.35660678071500834, 0.3956343603046724, 0.8338738619132497, 0.37700408228839605, 0.5004149119736032, 0.45402238914125587]

email
[0.9215845681666703, 0.4470595272799598, 0.5981181214106283, 0.47335125978802234, 0.5195929699207814, 0.5519732663132576, 0.6014869697274818]

phone
[0.8919819002772409, 0.5154009745677333, 0.47962705011245116, 0.40506000357249217, 0.5766885944062997, 0.6246846551369748, 0.4615291712787918]

your introduction letter
[0.5953259491165225, 0.4681499746603137, 0.5751467168915549, 0.8904340699496476, 0.507307469499426, 0.6061517794300767, 0.5416741239680479]

religious beliefs
[0.8527173981916834, 0.46196194658714557, 0.3864892195736063, 0.474865160753382, 0.5325732806930865, 0.4283925364826341, 0.28287308172639786]

geolocation
[0.9999999805565422, 0.256587452001718, 0.26789274836937893, 0.09912887892822117, 0.3622508827322769, 0.3807078285848091, 0.1855322763353309]

preferred language
[0.43766162611445236, 0.44397862467886196, 0.48469772833852887, 0.5221507443727337, 0.45391881245408855, 1.0000000245749896, 0.3948677536706051]

your IP address
[0.8188242213896973, 0.5175862297062582, 0.5775723978997823, 0.5683482198605861, 0.5740587049217984, 0.9265567270783945, 0.6685342843639488]

the web page
[0.588043227889532, 0.5578528159452718, 0.5807045214299115, 0.619700653969724, 0.5776249744022898, 0.9300619562641652, 0.5425346367802658]

customers
[0.489344725931493, 0.3802768377798619, 1.000000027605591, 0.5628567652181716, 0.4253783285908318, 0.5565014336041009, 0.3930136994510413]

your messages
[0.6878702664599473, 0.550465328066753, 0.5492942359964976, 0.5496997272054721, 0.5277727705606354, 0.5851421453397594, 0.6298618268705574]

pictures
[0.33370188854786464, 0.9999999939069312, 0.28681372139054023, 0.36342343779497555, 0.3567372186990463, 0.47535033856435416, 0.3347997982015024]

videos
[0.3463541147718256, 0.999999991607271, 0.2465060573706778, 0.45027494277686414, 0.5166932138243586, 0.439866233468585, 0.35229000616355594]

phone numbers
[0.9479828201722756, 0.5826006302835339, 0.5586017628756816, 0.5009595885243473, 0.6095731261771946, 0.6413542663871423, 0.4888045255791432]

your Github.com account
[0.605303082012049, 0.4805384201401138, 0.777928601725209, 0.601808216753028, 0.5352536176419218, 0.7674908843606565, 0.7081525180719754]

your account
[0.6053030568766385, 0.48053841851410795, 0.7779284530658399, 0.6018082796510965, 0.5352536547148655, 0.7674908817636849, 0.7081526141645772]

phone number
[1.0000000015069677, 0.577101582564202, 0.5786253138520402, 0.5073762210218014, 0.631815282043451, 0.6802062994049078, 0.516554567515983]

region
[0.9999999528626042, 0.28824235472113724, 0.2772782157273837, 0.46443374500832785, 0.32274395904657344, 0.36276583363304693, 0.35750659935408036]

the necessary web hooks
[0.5359670060681486, 0.547286726629082, 0.5362862547678706, 0.662863780443083, 0.5422287710985361, 0.8514551624144013, 0.5539563050132152]

Data
[0.5416449688437752, 0.7887373256779853, 0.6143450906023298, 0.4432447214493608, 0.8955019981952487, 0.8526524385807375, 0.4839436632024216]

the name
[0.8839461909208827, 0.442539082894801, 0.5103042543249632, 0.8028467796087515, 0.47407929850637226, 0.5889297162225703, 0.4827053418083469]

Odoo Customers
[0.489344725931493, 0.3802768377798619, 1.000000027605591, 0.5628567652181716, 0.4253783285908318, 0.5565014336041009, 0.3930136994510413]

credit card info
[0.5460375560217855, 0.4297416583605428, 0.9413433971659804, 0.61759165117895, 0.4625173973004157, 0.5607628816199456, 0.5682147789790299]

language
[0.4250143661745339, 0.4107584960807531, 0.38292152608892227, 0.4880525132685155, 0.4030226186052197, 0.8586209049864427, 0.31353441626912315]

sector
[0.4730067444250094, 0.40233654295881593, 0.49807174953304, 0.8860604743065301, 0.46046180957256755, 0.45749310195294596, 0.43955463894588237]

social media
[0.5498386258585326, 0.918607308551027, 0.507499520359843, 0.5539793553934644, 0.5498386258585326, 0.6155642494250445, 0.42848179806373093]

company executives
[0.46943498072483913, 0.43316429017778263, 0.6256117159712423, 0.7132231446039464, 0.46943498072483913, 0.4847589869638461, 0.36018165657142026]

the country
[0.8918566025850874, 0.44459272711327447, 0.5559258134885201, 0.735128284433524, 0.49868558202927626, 0.5723541336384749, 0.4182902851217477]

country
[1.000000026548052, 0.38534657864884, 0.47083608556485673, 0.5495845720256906, 0.49341238409484456, 0.47086938763191305, 0.31123710941935406]

user data
[0.5487271700883236, 0.755883619147594, 0.6494366346015866, 0.5085088998127894, 0.8737932026004911, 0.8640265682021416, 0.6269667563800079]

your preferred language
[0.5366838355928989, 0.5100496024578932, 0.5493420257289483, 0.6378988981425117, 0.5141008956838468, 0.9042883327950045, 0.5468293099843711]

